DRR618977.11493	k141_35	99.606	254	1	0	1	254	159605	159858	1.24e-132	464
DRR618977.11493	k141_35	99.606	254	1	0	1	254	159605	159858	1.24e-132	464
DRR618977.546805	k141_19	100.000	207	0	0	1	207	207	1	3.81e-108	383
DRR618977.546805	k141_33	100.000	40	0	0	230	269	1525	1486	2.60e-15	75.0
DRR618977.757982	k141_19	100.000	168	0	0	61	228	1	168	1.52e-86	311
DRR618977.757982	k141_33	100.000	38	0	0	1	38	1488	1525	2.82e-14	71.3
DRR618977.1431421	k141_20	100.000	41	0	0	25	65	1	41	6.83e-16	76.8
DRR618977.1431421	k141_20	100.000	41	0	0	25	65	1	41	6.83e-16	76.8
DRR618977.1641685	k141_33	100.000	184	0	0	1	184	1250	1433	1.54e-95	340
DRR618977.1833909	k141_33	100.000	246	0	0	1	246	1436	1191	7.23e-130	455
DRR618977.1983581	k141_33	100.000	219	0	0	1	219	1517	1299	6.51e-115	405
DRR618977.2660242	k141_20	100.000	34	0	0	191	224	41	8	4.62e-12	63.9
DRR618977.2660242	k141_20	100.000	34	0	0	191	224	41	8	4.62e-12	63.9
DRR618977.2801922	k141_20	100.000	85	0	0	1	85	324	408	2.57e-40	158
DRR618977.2801922	k141_20	100.000	85	0	0	1	85	324	408	2.57e-40	158
DRR618977.2970356	k141_33	100.000	131	0	0	126	256	1525	1395	6.39e-66	243
DRR618977.2970356	k141_19	100.000	103	0	0	1	103	103	1	2.35e-50	191
DRR618977.3280530	k141_33	99.605	253	1	0	1	253	1508	1256	4.45e-132	462
DRR618977.3521483	k141_33	100.000	214	0	0	41	254	1525	1312	4.60e-112	396
DRR618977.4619066	k141_33	99.565	230	1	0	1	230	1296	1525	2.87e-119	420
DRR618977.5656414	k141_20	100.000	41	0	0	17	57	1	41	6.60e-16	76.8
DRR618977.5656414	k141_20	100.000	41	0	0	17	57	1	41	6.60e-16	76.8